35383240.000000
38763364.000000
41040500.000000
58227088.000000
29127182.000000
95850488.000000
155651840.000000
148202496.000000
180375136.000000
172294464.000000
154954656.000000
203094704.000000
212114288.000000
240708832.000000
339673632.000000
379897856.000000
292487552.000000
386535968.000000
399803584.000000
317142464.000000
472676768.000000
466785536.000000
490457408.000000
613418944.000000
695931328.000000
530314912.000000
643425472.000000
805459968.000000
672285568.000000
775092032.000000
934435648.000000
800105856.000000
719348288.000000
913907456.000000
904921024.000000
991197184.000000
935601344.000000
922009792.000000
960966080.000000
1034114688.000000
1036772672.000000
1041387968.000000
1109143936.000000
1183522432.000000
1242011392.000000
1203022848.000000
1434171136.000000
1377225344.000000
1102402304.000000
1212413952.000000
1487899392.000000
1319563904.000000
1425739136.000000
1501224320.000000
1318473344.000000
1433847808.000000
1441589632.000000
1517769984.000000
1544452224.000000
1572309504.000000
1493764480.000000
1582189952.000000
1664934528.000000
1725278336.000000
1604185600.000000
1696634624.000000
1861270016.000000
1772010624.000000
1808881920.000000
1834281216.000000
1718490496.000000
1707313152.000000
1807691136.000000
1950849280.000000
1765819136.000000
1793661952.000000
1782482688.000000
1940278784.000000
1994966656.000000
2089793536.000000
2114152576.000000
2045105152.000000
2035799424.000000
2202379520.000000
2230560256.000000
2359761664.000000
2185696256.000000
2130261888.000000
2325783808.000000
2134843648.000000
2301336576.000000
2348221184.000000
2429332480.000000
2376396288.000000
2351588864.000000
2318342144.000000
2522838272.000000
2493885952.000000
2436429056.000000
2620029696.000000
2609061120.000000
2645488128.000000
2657052672.000000
2776317440.000000
2615276544.000000
2690187264.000000
2648143872.000000
2737011712.000000
2745017088.000000
2704918272.000000
2550745344.000000
2807351296.000000
2883239680.000000
2845991680.000000
2686641408.000000
2911611904.000000
2884616704.000000
2898917376.000000
3139784192.000000
3069402880.000000
2820812032.000000
3042296064.000000
3231325952.000000
3028598016.000000
3278498048.000000
3201755136.000000
3030606080.000000
2906890496.000000
3221147648.000000
3218907648.000000
3362970880.000000
3280392960.000000
3318783232.000000
3252877824.000000
3460698880.000000
3467736832.000000
3273845760.000000
3419223552.000000
3503499008.000000
3390902528.000000
3580853248.000000
3683030784.000000
3531573248.000000
3547720960.000000
3609620480.000000
3747257600.000000
3669446912.000000
3600381184.000000
3592846592.000000
3722629120.000000
3607433216.000000
3665495040.000000
3732819968.000000
3731234304.000000
3892646656.000000
3940648192.000000
3862696960.000000
3894427648.000000
3854902528.000000
3475055872.000000
3983112192.000000
3914897152.000000
3864103936.000000
3964727040.000000
4057275392.000000
4012660992.000000
4140103424.000000
4176745728.000000
4078268928.000000
4315712000.000000
4338032128.000000
3990852096.000000
4242271744.000000
4312954880.000000
4174165504.000000
4397600256.000000
4438607360.000000
4369256960.000000
4374979072.000000
4555639296.000000
4518254592.000000
4540533760.000000
4360949760.000000
4476520448.000000
4591453184.000000
4457376768.000000
4730671616.000000
4711385088.000000
4623541248.000000
4700987392.000000
4882125824.000000
4726276096.000000
4686110208.000000
4754473984.000000
4748716032.000000
5111930880.000000
4805041152.000000
4898293760.000000
4615798784.000000
4800787968.000000
4903268352.000000
4932169728.000000
5262885888.000000
5057143808.000000
5006284288.000000
5085244416.000000
5077666304.000000
4920051200.000000
5191781888.000000
5392323584.000000
5398116864.000000
5250215936.000000
5343917568.000000
5407191040.000000
5318996480.000000
5090446336.000000
5342686208.000000
5343075840.000000
5354607616.000000
5425456128.000000
5221636608.000000
5159938560.000000
5525078528.000000
5510811136.000000
5150312448.000000
5713381376.000000
5387641344.000000
5524834816.000000
5589274624.000000
5605355520.000000
5605261312.000000
5646922240.000000
5559042048.000000
5747948032.000000
5567288320.000000
5830254080.000000
5707485696.000000
5879664128.000000
5643857920.000000
5937236480.000000
5849068544.000000
5797308928.000000
5963457024.000000
6096869888.000000
6029923328.000000
6104350720.000000
6202129408.000000
6157230080.000000
6184902656.000000
5988166656.000000
6298825216.000000
6244491264.000000
6425838592.000000
6208317440.000000
6089636352.000000
6159024128.000000
6238023168.000000
6483597824.000000
6633817088.000000
6319787008.000000
6518517760.000000
6437445632.000000
6643484672.000000
6478896128.000000
6424390144.000000
6678960128.000000
6812150784.000000
6570252800.000000
6738079232.000000
6586045952.000000
6612961280.000000
6824845312.000000
6772136960.000000
6766665216.000000
6914672640.000000
6740329472.000000
6693222912.000000
6949055488.000000
6787335680.000000
7106284544.000000
7066828288.000000
7279122944.000000
7100955648.000000
6976054784.000000
7058931712.000000
7092647936.000000
7136128000.000000
7370968576.000000
7260547584.000000
7208845312.000000
7286705152.000000
7234469888.000000
7198798848.000000
7265549312.000000
7220667904.000000
7403545600.000000
7416730112.000000
7400698880.000000
7457395712.000000
7402451456.000000
7579877888.000000
7334889472.000000
7443654144.000000
7432823808.000000
7502940160.000000
7707139072.000000
7753209344.000000
7785184768.000000
7468831232.000000
7671547904.000000
7480879104.000000
7585948672.000000
7840866816.000000
7714033152.000000
7911587840.000000
7821738496.000000
7707940864.000000
7628470784.000000
7869870592.000000
7865146368.000000
7989761024.000000
7856434688.000000
7768422912.000000
7805010432.000000
8096927232.000000
7990260736.000000
8161638912.000000
7860374016.000000
8089921024.000000
8123083264.000000
8086038016.000000
7962597376.000000
8134179328.000000
7954792960.000000
8259033600.000000
8534328320.000000
8231820288.000000
8187512832.000000
8196719104.000000
8034315776.000000
8043935232.000000
8057389568.000000
8155486208.000000
8007190528.000000
8347919360.000000
8577980416.000000
8221490688.000000
8189798912.000000
8530839040.000000
8287412736.000000
8071154688.000000
8266798592.000000
8491725824.000000
8628773888.000000
8619181056.000000
8718176256.000000
8513905664.000000
8428246528.000000
8337944064.000000
8539759104.000000
8594323456.000000
8463503360.000000
8725095424.000000
8803353600.000000
8760798208.000000
8895924224.000000
8570024448.000000
8610454528.000000
9290952704.000000
8821472256.000000
9084765184.000000
9051529216.000000
9161640960.000000
9005562880.000000
8914057216.000000
9104542720.000000
9368122368.000000
9290307584.000000
9278384128.000000
9558577152.000000
9368456192.000000
9450659840.000000
9315565568.000000
9674682368.000000
9702956032.000000
9624726528.000000
9422147584.000000
9578178560.000000
9570402304.000000
9672233984.000000
9840258048.000000
10071149568.000000
9921800192.000000
9928650752.000000
9902082048.000000
9900251136.000000
10042249216.000000
10074324992.000000
9882982400.000000
9858255872.000000
10353565696.000000
10120586240.000000
10261078016.000000
10117520384.000000
10075619328.000000
10203988992.000000
10035926016.000000
10394625024.000000
10365496320.000000
10351294464.000000
10303765504.000000
9998149632.000000
10337503232.000000
10746687488.000000
10384361472.000000
10183199744.000000
10515198976.000000
10727187456.000000
10485688320.000000
10743398400.000000
10606536704.000000
11037302784.000000
10629057536.000000
10516818944.000000
10546163712.000000
10804752384.000000
10997528576.000000
10711328768.000000
10786289664.000000
10415676416.000000
10731688960.000000
10721244160.000000
11035898880.000000
10941838336.000000
10872136704.000000
10923388928.000000
11202106368.000000
10960764928.000000
11130743808.000000
11407873024.000000
11285413888.000000
11176166400.000000
11111566336.000000
11113046016.000000
11075021824.000000
11612387328.000000
11249730560.000000
11213402112.000000
11455710208.000000
11558231040.000000
11279752192.000000
11641423872.000000
11501947904.000000
11509765120.000000
11442594816.000000
11891170304.000000
11673635840.000000
11579302912.000000
11476384768.000000
11303573504.000000
11672269824.000000
11658189824.000000
11996073984.000000
11611888640.000000
11812308992.000000
11775446016.000000
11727668224.000000
11689272320.000000
12105551872.000000
12087309312.000000
12249116672.000000
11884020736.000000
12114955264.000000
11957003264.000000
12352220160.000000
12407979008.000000
12002958336.000000
11845922816.000000
12363033600.000000
12144155648.000000
12435714048.000000
12185850880.000000
12324638720.000000
12488108032.000000
12571533312.000000
12327493632.000000
12289842176.000000
12661989376.000000
12698175488.000000
12888293376.000000
12342108160.000000
12597636096.000000
13191192576.000000
12507943936.000000
12914253824.000000
12995897344.000000
12919248896.000000
13050540032.000000
13086059520.000000
13174709248.000000
12775793664.000000
13191780352.000000
12636556288.000000
13323709440.000000
13340483584.000000
13425827840.000000
12914194432.000000
13313355776.000000
12856498176.000000
13448840192.000000
13406343168.000000
13438113792.000000
13489448960.000000
13448498176.000000
13564535808.000000
13623422976.000000
13149075456.000000
13152683008.000000
13521120256.000000
13280908288.000000
13378794496.000000
13375802368.000000
13700712448.000000
13629855744.000000
13753286656.000000
13384274944.000000
13777264640.000000
14010436608.000000
13859067904.000000
13536265216.000000
13802355712.000000
13898603520.000000
13929298944.000000
13960651776.000000
13960475648.000000
13662555136.000000
14037195776.000000
14201661440.000000
14140795904.000000
13984780288.000000
14034208768.000000
14364934144.000000
13837825024.000000
14070606848.000000
13881431040.000000
14239273984.000000
14246205440.000000
14330267648.000000
14035463168.000000
14078842880.000000
14384960512.000000
13622778880.000000
14046064640.000000
14406363136.000000
14085347328.000000
13913952256.000000
14489104384.000000
14421533696.000000
14094892032.000000
14771491840.000000
14537919488.000000
14614565888.000000
14494602240.000000
14285202432.000000
14566496256.000000
14361554944.000000
14455646208.000000
14934048768.000000
14261735424.000000
14658050048.000000
14851215360.000000
14661935104.000000
14879415296.000000
14512528384.000000
14531088384.000000
14751752192.000000
14998128640.000000
14612890624.000000
14467152896.000000
14739480576.000000
14846349312.000000
14355537920.000000
15141754880.000000
14896919552.000000
15163231232.000000
14721833984.000000
15273624576.000000
15094539264.000000
15215266816.000000
14970913792.000000
14692993024.000000
14906597376.000000
15259342848.000000
15075139584.000000
15744243712.000000
15197201408.000000
15641078784.000000
14931745792.000000
15590769664.000000
15738115072.000000
15493330944.000000
15370241024.000000
15395298304.000000
15505594368.000000
15092207616.000000
15811311616.000000
15522623488.000000
15670325248.000000
15660384256.000000
15825627136.000000
15670466560.000000
15690479616.000000
15447695360.000000
15874853888.000000
16008894464.000000
15957343232.000000
15816698880.000000
15564348416.000000
15786108928.000000
15821417472.000000
16051257344.000000
16005343232.000000
16199537664.000000
16267454464.000000
15973168128.000000
15681221632.000000
15859712000.000000
15780041728.000000
16064538624.000000
16463923200.000000
16279565312.000000
15886899200.000000
16291279872.000000
16422547456.000000
16379884544.000000
16440239104.000000
16173554688.000000
16539136000.000000
16620196864.000000
16489270272.000000
16486001664.000000
16635968512.000000
16449788928.000000
17011849216.000000
16580113408.000000
16487735296.000000
16593068032.000000
16890656768.000000
16869257216.000000
17307056128.000000
16701739008.000000
17009742848.000000
17127120896.000000
16936823808.000000
17029716992.000000
17208922112.000000
16807522304.000000
17005819904.000000
17383995392.000000
17410365440.000000
17134556160.000000
17441124352.000000
16992689152.000000
17164729344.000000
17181945856.000000
17172715520.000000
17205651456.000000
17733416960.000000
17510115328.000000
17618319360.000000
17282836480.000000
17473536000.000000
17908135936.000000
17642342400.000000
17580605440.000000
17761843200.000000
17911457792.000000
17814548480.000000
17907556352.000000
17799682048.000000
17762637824.000000
18046892032.000000
17838501888.000000
17802850304.000000
17697837056.000000
18163511296.000000
18255181824.000000
18074241024.000000
18223101952.000000
18330556416.000000
18136164352.000000
18180915200.000000
18112622592.000000
17904386048.000000
18028593152.000000
17913266176.000000
18617010176.000000
18174220288.000000
18391445504.000000
18173310976.000000
18207459328.000000
18209282048.000000
17987137536.000000
18484592640.000000
18249119744.000000
18344577024.000000
18870257664.000000
18239565824.000000
18579132416.000000
18228955136.000000
18549792768.000000
18187636736.000000
18223722496.000000
18514239488.000000
18472318976.000000
18804817920.000000
18996180992.000000
18726473728.000000
18273021952.000000
18574342144.000000
18722136064.000000
18639902720.000000
18644094976.000000
18443427840.000000
18689222656.000000
18935287808.000000
19041103872.000000
18831814656.000000
18712895488.000000
19344011264.000000
19111401472.000000
19117928448.000000
18496294912.000000
18729578496.000000
18850893824.000000
19063226368.000000
19362887680.000000
19308820480.000000
18822909952.000000
19178498048.000000
19358216192.000000
18744602624.000000
19346976768.000000
18934046720.000000
19447042048.000000
19522197504.000000
19103123456.000000
18915463168.000000
19356835840.000000
19921319936.000000
18938286080.000000
19232608256.000000
19372519424.000000
19432359936.000000
19597293568.000000
19357612032.000000
19330646016.000000
19635892224.000000
19631759360.000000
19446732800.000000
19217924096.000000
20113266688.000000
19926331392.000000
20136560640.000000
19993505792.000000
19819948032.000000
19598376960.000000
19976222720.000000
19814486016.000000
20143349760.000000
19747880960.000000
19543007232.000000
19698907136.000000
20038803456.000000
20058427392.000000
19539877888.000000
20297621504.000000
20130824192.000000
20001277952.000000
19971977216.000000
20110485504.000000
19589001216.000000
19896473600.000000
20170074112.000000
20275462144.000000
20128405504.000000
20080328704.000000
20009992192.000000
20442689536.000000
20235354112.000000
20142331904.000000
20269293568.000000
20738920448.000000
20306343936.000000
20097718272.000000
19908794368.000000
20156340224.000000
20414513152.000000
20280295424.000000
20346632192.000000
20604813312.000000
20639117312.000000
20830898176.000000
20351229952.000000
20352010240.000000
20566915072.000000
20505049088.000000
20739729408.000000
20770621440.000000
20955301888.000000
20511326208.000000
20825710592.000000
20633636864.000000
20826320896.000000
20474050560.000000
20662413312.000000
21052702720.000000
21148616704.000000
20987817984.000000
20536276992.000000
20805054464.000000
20945752064.000000
21462687744.000000
20858667008.000000
21164746752.000000
21352884224.000000
20973602816.000000
21435996160.000000
21333530624.000000
21849819136.000000
21000947712.000000
21809592320.000000
21739704320.000000
21416847360.000000
21613791232.000000
21460588544.000000
21854480384.000000
21604206592.000000
21363183616.000000
21548007424.000000
21765732352.000000
21777768448.000000
21860904960.000000
22004578304.000000
21790128128.000000
21555259392.000000
22400444416.000000
21691142144.000000
22016700416.000000
22298791936.000000
22487390208.000000
22522230784.000000
22083678208.000000
21992036352.000000
22544820224.000000
22580754432.000000
22357995520.000000
22265096192.000000
22269464576.000000
22873243648.000000
22665349120.000000
22605891584.000000
22209689600.000000
22918989824.000000
22284544000.000000
22271424512.000000
22501953536.000000
22442735616.000000
22128050176.000000
22626494464.000000
22557753344.000000
23121502208.000000
22254331904.000000
23040757760.000000
22543804416.000000
22576603136.000000
22945112064.000000
22964838400.000000
23144865792.000000
22905966592.000000
23149758464.000000
22972913664.000000
22757752832.000000
23072389120.000000
22708101120.000000
23034839040.000000
22777323520.000000
23397367808.000000
23085754368.000000
23175409664.000000
23346081792.000000
23082694656.000000
23270211584.000000
23353819136.000000
23368282112.000000
23129520128.000000
23421792256.000000
23056715776.000000
23552573440.000000
23601991680.000000
22904258560.000000
23167080448.000000
23031463936.000000
23756132352.000000
23930839040.000000
23335127040.000000
23683430400.000000
23202908160.000000
23794558976.000000
23651217408.000000
23310430208.000000
23796000768.000000
23444185088.000000
23030128640.000000
23017928704.000000
24205733888.000000
23940696064.000000
24008654848.000000
23894091776.000000
24327903232.000000
24157437952.000000
24221595648.000000
24026898432.000000
23971158016.000000
24156717056.000000
23800598528.000000
24126464000.000000
24368470016.000000
24319424512.000000
23935485952.000000
23822352384.000000
24279334912.000000
24541368320.000000
24343181312.000000
24133677056.000000
24139749376.000000
24710883328.000000
24143986688.000000
24640030720.000000
24460998656.000000
24122454016.000000
24030152704.000000
24737863680.000000
24585572352.000000
24663762944.000000
24345683968.000000
24573759488.000000
24886814720.000000
24515555328.000000
24863784960.000000
24641599488.000000
24679616512.000000
24592138240.000000
25154379776.000000
24307931136.000000
24673640448.000000
24926849024.000000
24738000896.000000
24795772928.000000
25067055104.000000
24681328640.000000
24544327680.000000
25070931968.000000
24772921344.000000
25008115712.000000
25102403584.000000
24936316928.000000
24947968000.000000
25532798976.000000
25432252416.000000
24922427392.000000
25220696064.000000
25249245184.000000
24979290112.000000
24490110976.000000
25752072192.000000
25802145792.000000
25871224832.000000
25716064256.000000
25172748288.000000
25431922688.000000
25600923648.000000
25588230144.000000
25357789184.000000
25185632256.000000
25743392768.000000
25522735104.000000
25513218048.000000
26067574784.000000
25529413632.000000
25620918272.000000
25829697536.000000
25459595264.000000
26041491456.000000
25825099776.000000
26103300096.000000
25832839168.000000
25952473088.000000
25886152704.000000
25947553792.000000
26416095232.000000
26155771904.000000
26159009792.000000
25735553024.000000
26695641088.000000
26360203264.000000
25948385280.000000
26514188288.000000
25873797120.000000
26740658176.000000
26666991616.000000
26444177408.000000
26260201472.000000
26691538944.000000
26476716032.000000
26625740800.000000
26285447168.000000
26984493056.000000
26567749632.000000
26114289664.000000
26534686720.000000
26707210240.000000
26170339328.000000
26653104128.000000
26924898304.000000
26698303488.000000
26241871872.000000
26252546048.000000
26526121984.000000
26376613888.000000
26957328384.000000
26707968000.000000
26993199104.000000
26625536000.000000
26419462144.000000
26681559040.000000
26355113984.000000
27137337344.000000
26508922880.000000
26917142528.000000
26624026624.000000
26456983552.000000
26527911936.000000
26220652544.000000
26347300864.000000
26249992192.000000
25738741760.000000
26055378944.000000
26707789824.000000
25962450944.000000
26022066176.000000
26115508224.000000
26153920512.000000
26204268544.000000
26166276096.000000
25360543744.000000
25276960768.000000
25640273920.000000
25954805760.000000
25870989312.000000
25692401664.000000
25675814912.000000
25795407872.000000
25632473088.000000
25411559424.000000
25435764736.000000
25546070016.000000
26121070592.000000
25121220608.000000
25526081536.000000
25350590464.000000
25619943424.000000
25520175104.000000
25285744640.000000
25198686208.000000
25363965952.000000
24985872384.000000
25584570368.000000
25003780096.000000
25558003712.000000
25793697792.000000
25613742080.000000
24721276928.000000
25246541824.000000
24969082880.000000
24815290368.000000
25527642112.000000
24780873728.000000
24972152832.000000
24831014912.000000
24754100224.000000
25073526784.000000
25029222400.000000
24701335552.000000
24514695168.000000
24488085504.000000
24855445504.000000
24847396864.000000
24905144320.000000
24437526528.000000
24947193856.000000
24801468416.000000
24688584704.000000
24233183232.000000
24599709696.000000
24390031360.000000
24192552960.000000
24461748224.000000
24614709248.000000
24951042048.000000
24270520320.000000
24608411648.000000
24621858816.000000
24500281344.000000
24415045632.000000
24235534336.000000
23959146496.000000
24198252544.000000
24162099200.000000
24275238912.000000
24077084672.000000
24455319552.000000
23706163200.000000
24029390848.000000
24224978944.000000
24055496704.000000
23991887872.000000
24288532480.000000
24076441600.000000
23979864064.000000
24123176960.000000
24088190976.000000
24344930304.000000
23958081536.000000
23761586176.000000
24041117696.000000
23671101440.000000
23779569664.000000
23794851840.000000
24220125184.000000
23993995264.000000
23969032192.000000
23582617600.000000
23355885568.000000
23987494912.000000
23749320704.000000
23393421312.000000
23236280320.000000
23795326976.000000
23084890112.000000
23429109760.000000
23020763136.000000
23447328768.000000
23475681280.000000
23720312832.000000
23429734400.000000
23401390080.000000
23161688064.000000
23372836864.000000
23575054336.000000
23184773120.000000
23522738176.000000
23240843264.000000
23372597248.000000
22925006848.000000
22831630336.000000
22948485120.000000
23225786368.000000
23031015424.000000
23221698560.000000
22602768384.000000
23169169408.000000
23187044352.000000
22790426624.000000
22903953408.000000
23107647488.000000
23068319744.000000
22878859264.000000
22541238272.000000
23056637952.000000
22153668608.000000
22658932736.000000
22804598784.000000
23353380864.000000
22730553344.000000
22558121984.000000
22408923136.000000
22059075584.000000
22400227328.000000
22196125696.000000
22156746752.000000
21989480448.000000
22189289472.000000
22203301888.000000
22200096768.000000
22411487232.000000
22009397248.000000
22312224768.000000
21929644032.000000
22422530048.000000
22392043520.000000
22491424768.000000
22114777088.000000
22265374720.000000
22171826176.000000
21943928832.000000
22383396864.000000
22369034240.000000
22013403136.000000
21833625600.000000
22219460608.000000
22315878400.000000
21917083648.000000
22135975936.000000
21960333312.000000
22173257728.000000
22108362752.000000
22078246912.000000
21110016000.000000
21879316480.000000
21712928768.000000
21808408576.000000
21888800768.000000
21818699776.000000
22005667840.000000
21648947200.000000
22013411328.000000
21584062464.000000
21788600320.000000
21765289984.000000
21344798720.000000
21609508864.000000
22023303168.000000
21652070400.000000
21793001472.000000
21183289344.000000
21253496832.000000
21207568384.000000
21074599936.000000
21273165824.000000
21484173312.000000
21389475840.000000
21703585792.000000
21431277568.000000
21444552704.000000
21407635456.000000
21473622016.000000
21000566784.000000
21003878400.000000
21026103296.000000
21210374144.000000
20997597184.000000
21184188416.000000
20984334336.000000
21305382912.000000
21392695296.000000
20916924416.000000
20526936064.000000
20285945856.000000
21044881408.000000
20778536960.000000
20815470592.000000
20618565632.000000
21126275072.000000
20650196992.000000
20620593152.000000
20908961792.000000
20490246144.000000
20673275904.000000
20498644992.000000
20807491584.000000
20707747840.000000
20304957440.000000
20645560320.000000
20345352192.000000
20713498624.000000
20526546944.000000
19991668736.000000
20223723520.000000
20234450944.000000
20280332288.000000
20222961664.000000
20477196288.000000
20516274176.000000
20231528448.000000
19796187136.000000
19804413952.000000
20022222848.000000
20284323840.000000
20249522176.000000
19721674752.000000
19905409024.000000
19971600384.000000
19864752128.000000
19939381248.000000
19800723456.000000
20189882368.000000
19618639872.000000
19996389376.000000
19883364352.000000
20002193408.000000
19753775104.000000
20137594880.000000
19834640384.000000
19618584576.000000
19809161216.000000
19618267136.000000
19409983488.000000
19679961088.000000
19780110336.000000
19594033152.000000
19440328704.000000
19633385472.000000
19276331008.000000
19467395072.000000
19583293440.000000
19717765120.000000
19720157184.000000
19305682944.000000
19620802560.000000
19024289792.000000
19597101056.000000
19475744768.000000
19172413440.000000
19383152640.000000
19339489280.000000
19533756416.000000
19397474304.000000
19420868608.000000
19210887168.000000
19396581376.000000
19506325504.000000
19062308864.000000
19196420096.000000
19263006720.000000
18793160704.000000
19069696000.000000
19200933888.000000
19101206528.000000
18670786560.000000
18641166336.000000
18660333568.000000
18608906240.000000
18832285696.000000
18955411456.000000
18733688832.000000
18689013760.000000
18814783488.000000
18395947008.000000
18728861696.000000
18724210688.000000
18781450240.000000
18408558592.000000
18343854080.000000
18844151808.000000
18314113024.000000
18353082368.000000
18585753600.000000
18775402496.000000
18435399680.000000
18496051200.000000
18916333568.000000
18344343552.000000
18111533056.000000
18351273984.000000
18798954496.000000
18249304064.000000
18255269888.000000
18300774400.000000
18083624960.000000
18455586816.000000
18724018176.000000
18480730112.000000
17955305472.000000
18608762880.000000
18384351232.000000
18276450304.000000
18718781440.000000
18103967744.000000
17906522112.000000
17942728704.000000
17909317632.000000
17859428352.000000
17833146368.000000
18341103616.000000
18089295872.000000
17586874368.000000
17848246272.000000
17762136064.000000
17807601664.000000
17887545344.000000
17814484992.000000
17855744000.000000
17740896256.000000
17693353984.000000
17525391360.000000
17366917120.000000
17534306304.000000
17588623360.000000
17503070208.000000
17397000192.000000
17382457344.000000
17495607296.000000
17626998784.000000
17433305088.000000
17194182656.000000
17178969088.000000
17177161728.000000
16744195072.000000
16928673792.000000
16875421696.000000
16994394112.000000
16992959488.000000
17088833536.000000
17009097728.000000
16981824512.000000
16732915712.000000
16842257408.000000
16681938944.000000
16599824384.000000
16415036416.000000
16794046464.000000
16887839744.000000
16783653888.000000
16578685952.000000
16809330688.000000
16730387456.000000
16450124800.000000
16214628352.000000
16531367936.000000
16521974784.000000
16473080832.000000
16661864448.000000
16623328256.000000
16502873088.000000
16367369216.000000
16548308992.000000
15982375936.000000
16138779648.000000
16211769344.000000
16148296704.000000
16511935488.000000
16390994944.000000
16252591104.000000
15967621120.000000
16164805632.000000
16349477888.000000
16055213056.000000
15849289728.000000
15764802560.000000
15685822464.000000
15721156608.000000
16123246592.000000
15933037568.000000
15525517312.000000
15647330304.000000
15809971200.000000
15687149568.000000
15923425280.000000
15558488064.000000
15598133248.000000
15511820288.000000
15774628864.000000
15854302208.000000
15763330048.000000
15575205888.000000
15282746368.000000
15263013888.000000
15394572288.000000
15428782080.000000
15463327744.000000
15171604480.000000
15585220608.000000
15230306304.000000
15439779840.000000
15187060736.000000
15304630272.000000
15238118400.000000
14953492480.000000
15474469888.000000
15402889216.000000
15091657728.000000
15353958400.000000
15149532160.000000
15184390144.000000
15318929408.000000
15361479680.000000
14779581440.000000
14904196096.000000
14803891200.000000
15013699584.000000
15262127104.000000
15056256000.000000
15084570624.000000
14903569408.000000
15092970496.000000
14650430464.000000
14258809856.000000
14636259328.000000
14556011520.000000
14428071936.000000
14400627712.000000
14181310464.000000
14783947776.000000
14168628224.000000
14193684480.000000
14062142464.000000
14214097920.000000
14336827392.000000
13948424192.000000
13737462784.000000
13892546560.000000
13991471104.000000
14049173504.000000
13355305984.000000
13811017728.000000
13786498048.000000
13931795456.000000
14127597568.000000
13744421888.000000
14212541440.000000
13586119680.000000
13571869696.000000
13895730176.000000
13539449856.000000
13568759808.000000
13370629120.000000
13355231232.000000
13474410496.000000
13601603584.000000
13543531520.000000
13606727680.000000
13508976640.000000
13498259456.000000
13405246464.000000
13269330944.000000
13622747136.000000
13392297984.000000
13600643072.000000
13368873984.000000
13110577152.000000
13169399808.000000
13226304512.000000
13339689984.000000
13108094976.000000
13144318976.000000
12920579072.000000
13182251008.000000
13341224960.000000
13140933632.000000
13201764352.000000
12768095232.000000
12681605120.000000
12643219456.000000
12855392256.000000
12758742016.000000
12908160000.000000
12745392128.000000
12516933632.000000
12619960320.000000
12802139136.000000
12263851008.000000
12684616704.000000
12588344320.000000
12584824832.000000
12829750272.000000
12868784128.000000
12590898176.000000
12890423296.000000
12679463936.000000
12421183488.000000
12418709504.000000
12514812928.000000
12520542208.000000
12014072832.000000
12810414080.000000
12560598016.000000
12646438912.000000
12735228928.000000
12148118528.000000
12445445120.000000
12016424960.000000
12533305344.000000
12364626944.000000
12012563456.000000
12333963264.000000
12131994624.000000
12337910784.000000
12087203840.000000
12250689536.000000
12142741504.000000
12059878400.000000
12091402240.000000
11861770240.000000
12275470336.000000
12175358976.000000
11965078528.000000
12117128192.000000
11726963712.000000
11883500544.000000
11782310912.000000
11792920576.000000
11720593408.000000
11460638720.000000
11786087424.000000
11812574208.000000
11616831488.000000
11721229312.000000
11816942592.000000
11639800832.000000
11736969216.000000
11399867392.000000
11426597888.000000
11248950272.000000
11155670016.000000
11387773952.000000
11201651712.000000
11467772928.000000
11453815808.000000
11218591744.000000
11381979136.000000
11201779712.000000
11335702528.000000
11023412224.000000
11392711680.000000
11382714368.000000
11252608000.000000
11170278400.000000
11188935680.000000
11323005952.000000
11152631808.000000
11207419904.000000
11086384128.000000
11082692608.000000
11172231168.000000
11227606016.000000
11020605440.000000
10926526464.000000
11237146624.000000
11268987904.000000
10872603648.000000
10707963904.000000
10780253184.000000
10407623680.000000
10627597312.000000
10954214400.000000
10421214208.000000
10613544960.000000
10888604672.000000
10437858304.000000
10405148672.000000
10530356224.000000
10584587264.000000
10163787776.000000
10568276992.000000
10493279232.000000
10461699072.000000
10338386944.000000
10441028608.000000
10520808448.000000
10337248256.000000
10245319680.000000
10416372736.000000
9966024704.000000
10374289408.000000
10183198720.000000
10174901248.000000
9918756864.000000
10087891968.000000
9871714304.000000
9752964096.000000
10017694720.000000
9704266752.000000
9743875072.000000
9861679104.000000
9520983040.000000
9506524160.000000
9795489792.000000
9860289536.000000
9505296384.000000
9703840768.000000
9738706944.000000
9475279872.000000
9390657536.000000
9455349760.000000
9199026176.000000
9593295872.000000
9357590528.000000
9273576448.000000
8978154496.000000
9183663104.000000
9107262464.000000
9231833088.000000
9296823296.000000
9200177152.000000
9024369664.000000
8876736512.000000
8949273600.000000
8980547584.000000
8877977600.000000
8997285888.000000
8970092544.000000
8528983552.000000
8739165184.000000
8675421184.000000
8772526080.000000
8746352640.000000
8530075136.000000
8864384000.000000
8669541376.000000
8971694080.000000
8414614016.000000
8549131776.000000
8408656384.000000
8395257344.000000
8572974592.000000
8420053504.000000
8200154112.000000
8380777984.000000
8429888000.000000
8285417984.000000
8875642880.000000
8416947200.000000
8218872320.000000
8532797440.000000
8235135488.000000
8253071360.000000
8424647680.000000
8305065984.000000
8192465408.000000
8195026944.000000
8207476224.000000
8073880064.000000
7988092416.000000
8180761600.000000
7961591296.000000
8020794368.000000
8011186688.000000
7907149312.000000
8219333120.000000
8014854656.000000
8114972672.000000
7897729536.000000
8007405056.000000
7723176448.000000
7770326016.000000
7927626240.000000
7883317760.000000
8166062080.000000
7690610176.000000
8000724992.000000
7857675776.000000
7742107648.000000
7924741120.000000
7583457792.000000
7763003904.000000
7768338432.000000
7574171136.000000
7628190720.000000
7695191040.000000
7876090368.000000
7446986240.000000
7531034624.000000
7545636352.000000
7228763136.000000
7684386304.000000
7634549760.000000
7641791488.000000
7818702848.000000
7764335616.000000
7562056704.000000
7495448576.000000
7500492800.000000
7132871168.000000
7281768960.000000
7177502720.000000
7327728640.000000
7092369408.000000
7077867008.000000
7090594304.000000
7231989760.000000
7140456448.000000
7018124288.000000
6956208640.000000
6855439872.000000
6815409664.000000
6881831936.000000
6862769152.000000
6797204992.000000
7079988224.000000
6789695488.000000
6533202944.000000
6784720384.000000
6938151424.000000
6814050304.000000
6848944640.000000
7006228992.000000
6899865088.000000
6575273472.000000
6645414400.000000
6879545856.000000
6804080640.000000
6613714944.000000
6660840960.000000
6764372992.000000
6518235648.000000
6722359808.000000
6653959168.000000
6621122560.000000
6546780672.000000
6481601536.000000
6592836608.000000
6221738496.000000
6471069184.000000
6246975488.000000
6373832704.000000
6503683584.000000
6460646400.000000
6522067968.000000
6270799360.000000
6186916352.000000
6132996608.000000
6225128960.000000
6411076608.000000
6133918720.000000
6373130240.000000
5862249472.000000
6212622848.000000
5945014784.000000
6073710080.000000
6226448896.000000
5961806336.000000
5856968192.000000
5619639808.000000
5683976192.000000
5604350976.000000
5821918720.000000
5892413952.000000
5621289472.000000
5798986240.000000
5750898176.000000
5769893376.000000
5581907968.000000
5547152384.000000
5541419520.000000
5509965824.000000
5404039168.000000
5478805504.000000
5387073536.000000
5418648064.000000
5333823488.000000
5503758336.000000
5342858752.000000
5332096000.000000
5305713152.000000
5215263744.000000
5203832320.000000
5300108288.000000
5229065728.000000
5060486656.000000
5159714816.000000
5001443328.000000
5018789888.000000
5048408576.000000
4939192832.000000
4953388032.000000
5083246592.000000
4990295552.000000
4930214400.000000
4894499328.000000
4909426176.000000
4691165184.000000
4764605952.000000
4707955200.000000
4677711872.000000
4584562176.000000
4556569088.000000
4382095872.000000
4423010304.000000
4409829376.000000
4380541440.000000
4319493632.000000
4047540224.000000
4294046720.000000
4149134336.000000
4231350016.000000
4207346432.000000
4175877632.000000
4126787584.000000
4078813440.000000
4074248960.000000
4124789504.000000
4162504960.000000
3988332544.000000
4055881216.000000
3925442304.000000
3976117504.000000
3962788608.000000
4045009408.000000
4009845504.000000
3922169600.000000
3888497664.000000
3862742272.000000
3825103616.000000
3807510016.000000
3657599744.000000
3750351616.000000
3719461888.000000
3560514816.000000
3738091520.000000
3861194240.000000
3837313024.000000
3774687488.000000
3861267712.000000
3588989696.000000
3508677376.000000
3469784320.000000
3434302720.000000
3422088704.000000
3513094656.000000
3457292032.000000
3324501760.000000
3497711616.000000
3410157056.000000
3312494592.000000
3251093504.000000
3309126400.000000
3211620608.000000
3188348672.000000
3081930496.000000
3111808256.000000
3254447104.000000
3138869504.000000
3119365376.000000
2958927104.000000
3055033856.000000
3126870528.000000
2922363648.000000
3086954496.000000
3127591936.000000
3061970944.000000
2914931456.000000
2902816768.000000
2788993280.000000
2750203648.000000
2778317312.000000
2772035584.000000
2467205632.000000
2736555776.000000
2668376576.000000
2586113024.000000
2729691392.000000
2576182784.000000
2524922368.000000
2307188992.000000
2375975168.000000
2390048512.000000
2398783232.000000
2582056448.000000
2388396288.000000
2463409664.000000
2369901824.000000
2543260416.000000
2323839744.000000
2338198272.000000
2306843904.000000
2302062080.000000
2181051392.000000
2255038208.000000
2270201088.000000
2204373504.000000
2198004480.000000
2133121536.000000
2023575040.000000
1991352960.000000
1955313280.000000
1830518528.000000
1785282304.000000
1771585792.000000
1821283968.000000
1603267456.000000
1655341952.000000
1683726848.000000
1624463744.000000
1713456896.000000
1544187264.000000
1758344832.000000
1544353792.000000
1542646784.000000
1522736128.000000
1486439936.000000
1495467136.000000
1380757760.000000
1327682432.000000
1245526400.000000
1327574016.000000
1313219072.000000
1264374528.000000
1375161856.000000
1252676352.000000
1257299840.000000
1179594752.000000
1232715008.000000
1201477248.000000
1140819840.000000
1222395008.000000
1086087424.000000
1134795136.000000
1101262848.000000
1034484096.000000
1141561344.000000
1033981312.000000
1037540032.000000
912574016.000000
896252928.000000
900011840.000000
838727744.000000
768348800.000000
777885568.000000
724515584.000000
640601216.000000
652640384.000000
589958144.000000
643015616.000000
597841472.000000
548425152.000000
494655360.000000
452901344.000000
507071456.000000
421858624.000000
439209600.000000
436959936.000000
424286080.000000
363750560.000000
357805408.000000
338278368.000000
328848640.000000
345383136.000000
263259536.000000
245476176.000000
164811328.000000
161341104.000000
142591504.000000
98060224.000000
83510944.000000
25058284.000000
1627878.000000
