10183788.000000
40953240.000000
76790800.000000
103681032.000000
108668456.000000
150147248.000000
226394480.000000
263449056.000000
247539136.000000
281351168.000000
356153120.000000
426627968.000000
374645952.000000
385835552.000000
394597824.000000
459026560.000000
405165920.000000
424674304.000000
493654816.000000
543123392.000000
531886016.000000
502092704.000000
610215680.000000
670850688.000000
639409152.000000
721845120.000000
718366208.000000
795533184.000000
736761600.000000
805794112.000000
944194688.000000
943657408.000000
909012672.000000
868112896.000000
1051796800.000000
994528704.000000
1068235712.000000
1088808064.000000
1214314752.000000
1159296768.000000
1119602944.000000
1116954496.000000
1260896640.000000
1216761472.000000
1250983424.000000
1198254848.000000
1230461952.000000
1201043328.000000
1317642880.000000
1365238528.000000
1334245376.000000
1308907648.000000
1401922048.000000
1379951616.000000
1424174208.000000
1388753280.000000
1462170496.000000
1652951936.000000
1475492736.000000
1544874880.000000
1616801664.000000
1738103808.000000
1719593216.000000
1745433984.000000
1744801536.000000
1824470784.000000
1847008640.000000
1815874688.000000
1832089216.000000
1879898112.000000
1863387520.000000
1978458496.000000
2028920320.000000
1937662592.000000
1944551552.000000
1998453888.000000
2156715264.000000
2023850752.000000
2247183872.000000
2076627072.000000
2238918656.000000
2171206144.000000
2164425472.000000
2307709952.000000
2337717248.000000
2191866880.000000
2428377088.000000
2316690944.000000
2441476864.000000
2474441472.000000
2457480960.000000
2640310528.000000
2572360448.000000
2594063360.000000
2571452672.000000
2562563072.000000
2564665856.000000
2594629120.000000
2677173504.000000
2814995712.000000
2709352192.000000
2733884672.000000
2802198784.000000
2834876416.000000
2776231424.000000
2708920832.000000
2873830400.000000
3096611840.000000
2913305856.000000
2974660096.000000
2989841152.000000
3037676544.000000
3001373696.000000
3056150784.000000
3063958528.000000
3248722176.000000
3062719744.000000
3043104768.000000
3232047104.000000
3353241600.000000
3541306368.000000
3353944064.000000
3315791104.000000
3412499968.000000
3318098176.000000
3598102784.000000
3417475840.000000
3725285888.000000
3316718336.000000
3527426560.000000
3495086336.000000
3568983296.000000
3536542720.000000
3692698112.000000
3792316416.000000
3664689920.000000
3662134272.000000
3705951488.000000
3834153984.000000
3845296128.000000
3776068864.000000
4025150720.000000
3745405696.000000
3904026880.000000
3904491520.000000
3988510976.000000
3824107520.000000
3985009920.000000
3902606592.000000
3802001152.000000
4005703424.000000
4175068416.000000
4115069184.000000
4214888704.000000
4084407040.000000
4317306368.000000
4205386240.000000
4381911040.000000
4139920128.000000
4236939008.000000
4176653824.000000
4382769152.000000
4480239616.000000
4476489216.000000
4484061184.000000
4604006400.000000
4419102208.000000
4639248896.000000
4524507136.000000
4600389632.000000
4499405824.000000
4636959744.000000
4470834688.000000
4586828800.000000
4732538880.000000
4688010752.000000
4832697344.000000
4662091264.000000
4890077184.000000
4813397504.000000
5017532928.000000
5003757568.000000
5190098432.000000
5098315264.000000
5039614976.000000
5152844800.000000
4965430784.000000
5046929408.000000
5360009728.000000
5076343808.000000
5233604608.000000
5328875008.000000
5232980480.000000
5232475648.000000
5251784192.000000
5207059968.000000
5236087808.000000
5327680512.000000
5305181184.000000
5434311680.000000
5354505728.000000
5468329984.000000
5518462464.000000
5437616128.000000
5519171584.000000
5449619968.000000
5565728256.000000
5279671296.000000
5510687744.000000
5754529280.000000
5756241920.000000
5942746112.000000
5811046400.000000
5615579648.000000
5899477504.000000
5699134464.000000
5876838400.000000
5932823552.000000
5986794496.000000
5824184832.000000
6111031808.000000
5677650432.000000
6060963328.000000
6079094272.000000
6227815936.000000
5772675072.000000
5848150528.000000
6271476224.000000
6054986752.000000
6023213056.000000
6014934528.000000
6102469120.000000
6258229248.000000
6065429504.000000
6262739456.000000
6374597632.000000
6399357952.000000
6613198848.000000
6584204288.000000
6348889600.000000
6218959872.000000
6394063360.000000
6515701760.000000
6391938560.000000
6534159872.000000
6472550400.000000
6856092160.000000
6701716480.000000
6600876032.000000
6765559296.000000
6684998144.000000
6765520896.000000
6259689472.000000
6683031552.000000
6670858240.000000
6634288640.000000
6527167488.000000
6729398784.000000
6672391680.000000
6716961792.000000
6901092352.000000
6881625088.000000
6810273792.000000
6785993216.000000
7018317824.000000
6998907392.000000
6678749184.000000
7137469952.000000
6888224768.000000
7078375936.000000
6925449216.000000
6911913984.000000
6904361472.000000
6873501184.000000
7074452480.000000
7097357824.000000
7304833536.000000
7056242176.000000
7417984512.000000
6985647104.000000
7132172288.000000
7303602688.000000
7128814080.000000
7219212288.000000
7128504832.000000
7357292544.000000
7395267584.000000
7424337408.000000
7258093568.000000
7147167232.000000
7454949888.000000
7617227776.000000
7659542528.000000
7641568256.000000
7543134208.000000
8083932672.000000
7881334784.000000
7469261312.000000
7636893184.000000
7805486592.000000
7514673152.000000
7645325312.000000
7921102336.000000
7830353408.000000
7749382656.000000
7944696320.000000
7834661888.000000
7787719168.000000
8013622272.000000
7980401152.000000
8138917888.000000
8116359168.000000
8234688000.000000
8117424640.000000
8282583040.000000
8293949440.000000
8177379328.000000
8209588736.000000
8233395712.000000
8358978048.000000
8127283712.000000
8339250176.000000
8423064064.000000
8525405184.000000
8152723456.000000
8449722368.000000
8519396864.000000
8590774272.000000
8740439040.000000
8683722752.000000
8787477504.000000
8975996928.000000
8791353344.000000
8783304704.000000
8597067776.000000
8616594432.000000
8712115200.000000
9215815680.000000
8949300224.000000
8822226944.000000
8900964352.000000
9099042816.000000
9043881984.000000
8834850816.000000
9207061504.000000
9233739776.000000
8955839488.000000
9038903296.000000
9041802240.000000
9301302272.000000
8690632704.000000
9336419328.000000
8913311744.000000
9168661504.000000
9103811584.000000
8851548160.000000
9089226752.000000
9228703744.000000
9398633472.000000
9309784064.000000
9361913856.000000
9193450496.000000
9071367168.000000
9380127744.000000
9321223168.000000
9051384832.000000
9121847296.000000
9472177152.000000
9094078464.000000
9300890624.000000
9480327168.000000
9596038144.000000
9684878336.000000
9367622656.000000
9789144064.000000
9429820416.000000
9270978560.000000
9818165248.000000
9678181376.000000
9668553728.000000
9526174720.000000
9521818624.000000
9427992576.000000
9617674240.000000
9632756736.000000
9985892352.000000
9657574400.000000
9815189504.000000
9965625344.000000
9971323904.000000
9913416704.000000
10149138432.000000
9774621696.000000
9979408384.000000
10253991936.000000
10291675136.000000
10041149440.000000
10096173056.000000
10305811456.000000
10252242944.000000
10293502976.000000
10263096320.000000
10337488896.000000
10198872064.000000
10303050752.000000
10330881024.000000
10588118016.000000
10470179840.000000
10655457280.000000
10730242048.000000
10352774144.000000
10528912384.000000
11008521216.000000
10548149248.000000
10606080000.000000
10487211008.000000
10606897152.000000
10880128000.000000
10701528064.000000
10477096960.000000
10919427072.000000
10847730688.000000
10700866560.000000
10951877632.000000
10740984832.000000
11135836160.000000
10939637760.000000
10853904384.000000
10657191936.000000
10972308480.000000
11143008256.000000
10931638272.000000
11119508480.000000
10904726528.000000
10802907136.000000
11079484416.000000
11090004992.000000
10767528960.000000
11136004096.000000
11116220416.000000
11054439424.000000
11276953600.000000
11139716096.000000
11185456128.000000
11293553664.000000
11474006016.000000
11418815488.000000
11421945856.000000
11303555072.000000
11363854336.000000
11603996672.000000
11704002560.000000
11325705216.000000
11360970752.000000
11499846656.000000
11367133184.000000
11615126528.000000
11747426304.000000
11637273600.000000
11808977920.000000
11471732736.000000
11918427136.000000
11725955072.000000
11931785216.000000
11987638272.000000
11842928640.000000
11993639936.000000
11970898944.000000
11784941568.000000
11814758400.000000
12062744576.000000
11930401792.000000
11917042688.000000
11959729152.000000
12238608384.000000
11880051712.000000
12045524992.000000
12166798336.000000
12060953600.000000
12041181184.000000
12056292352.000000
12602056704.000000
12252869632.000000
12381925376.000000
12447781888.000000
12658489344.000000
12322550784.000000
12384709632.000000
12498369536.000000
12377095168.000000
12258956288.000000
12692260864.000000
12440633344.000000
12788595712.000000
12503797760.000000
12484282368.000000
12236077056.000000
12431809536.000000
12584578048.000000
12765775872.000000
12528337920.000000
12843512832.000000
12792573952.000000
12859402240.000000
13140291584.000000
13181007872.000000
12965341184.000000
12974363648.000000
13037569024.000000
12657042432.000000
12827841536.000000
12741313536.000000
13116708864.000000
13083884544.000000
12998312960.000000
12900061184.000000
12737100800.000000
12658492416.000000
12680102912.000000
12785062912.000000
12600755200.000000
12996634624.000000
12757904384.000000
12497258496.000000
12413424640.000000
12405135360.000000
12201435136.000000
12458515456.000000
12175897600.000000
12620014592.000000
12419312640.000000
12331769856.000000
12439323648.000000
12289761280.000000
12077810688.000000
12406383616.000000
12070679552.000000
11912667136.000000
12167477248.000000
12032389120.000000
12449647616.000000
12094778368.000000
12502268928.000000
11998608384.000000
11603106816.000000
11846802432.000000
11929097216.000000
11721634816.000000
11676944384.000000
11825861632.000000
11637656576.000000
11670958080.000000
11860701184.000000
11556153344.000000
11759197184.000000
11536174080.000000
12106535936.000000
11884237824.000000
11668729856.000000
11650605056.000000
11562356736.000000
11610650624.000000
11403615232.000000
11632758784.000000
11823702016.000000
11285505024.000000
11617947648.000000
11642946560.000000
11380754432.000000
11455984640.000000
11479518208.000000
11531174912.000000
11070523392.000000
11416483840.000000
11240708096.000000
11267299328.000000
10994355200.000000
11271778304.000000
11277500416.000000
11203096576.000000
11332016128.000000
10900750336.000000
11206449152.000000
11131991040.000000
11131269120.000000
10657823744.000000
10702025728.000000
11204427776.000000
10731114496.000000
10833560576.000000
10632838144.000000
10547952640.000000
10652681216.000000
10600453120.000000
10663480320.000000
10660375552.000000
10821367808.000000
10878021632.000000
10637253632.000000
10523341824.000000
10417040384.000000
10558136320.000000
10442215424.000000
10617142272.000000
10456525824.000000
10495777792.000000
10426963968.000000
10224543744.000000
10202797056.000000
10231749632.000000
10340082688.000000
10211720192.000000
10380483584.000000
10435032064.000000
10281038848.000000
10234228736.000000
10232964096.000000
10425746432.000000
9994105856.000000
10288769024.000000
9854120960.000000
9959473152.000000
10022048768.000000
9864152064.000000
9942592512.000000
10106126336.000000
9835614208.000000
9757537280.000000
9860317184.000000
9689297920.000000
9585476608.000000
9529312256.000000
9803576320.000000
9903515648.000000
9737017344.000000
9611756544.000000
9652482048.000000
9318973440.000000
9573799936.000000
9443968000.000000
9455051776.000000
9208688640.000000
9450068992.000000
9309390848.000000
9298275328.000000
9193381888.000000
9241900032.000000
9144948736.000000
9082060800.000000
8987464704.000000
9353337856.000000
9150838784.000000
9145259008.000000
9200591872.000000
9112619008.000000
9372631040.000000
8990220288.000000
8942277632.000000
8816874496.000000
9203050496.000000
9160176640.000000
8840681472.000000
8911520768.000000
9345260544.000000
8636307456.000000
8856756224.000000
8995575808.000000
8791563264.000000
8590897152.000000
8825047040.000000
8798208000.000000
8827693056.000000
8390378496.000000
8692349952.000000
8432018944.000000
8489948160.000000
8502623744.000000
8632134656.000000
8515958784.000000
8500732928.000000
8432190464.000000
8648247296.000000
8422785536.000000
8507397632.000000
8252319744.000000
8324058624.000000
8104638976.000000
8218037760.000000
8132188160.000000
8269819904.000000
8171594752.000000
8124577280.000000
8046128640.000000
8305916416.000000
7927715328.000000
7948011008.000000
8025008640.000000
8014315008.000000
7883266048.000000
7927328768.000000
7772241920.000000
7983928320.000000
7652751360.000000
7659505664.000000
7472946688.000000
7414999040.000000
7555718656.000000
7638666240.000000
7499077120.000000
7433968128.000000
7590003712.000000
7797968384.000000
7624247808.000000
7475632128.000000
7542931968.000000
7045810688.000000
7411164160.000000
7537587200.000000
7564383744.000000
7287085056.000000
7463663616.000000
7107331072.000000
7400337408.000000
6993011200.000000
7112093184.000000
7241556480.000000
7284999168.000000
7103764992.000000
7134113280.000000
7081972736.000000
6995096064.000000
7059211264.000000
7194192896.000000
6657543168.000000
7080796160.000000
6943091712.000000
7018820608.000000
6814907904.000000
7015216640.000000
7033393664.000000
6775452160.000000
6870045184.000000
6919446016.000000
6878801920.000000
6600253440.000000
6786305536.000000
6551032832.000000
6667139584.000000
6517583872.000000
6903030784.000000
6662656512.000000
6613305344.000000
6559827968.000000
6545341952.000000
6327987200.000000
6293100544.000000
6238379520.000000
6290319360.000000
6389763584.000000
6469036032.000000
6426482688.000000
6249056768.000000
6216136192.000000
6206878720.000000
6495414784.000000
6177841664.000000
6387472384.000000
6408495104.000000
6147327488.000000
6248465408.000000
6085483520.000000
6061544448.000000
6174526464.000000
6158157312.000000
6047191040.000000
6268841984.000000
6106028032.000000
6128902656.000000
6063992832.000000
5990449664.000000
6145992704.000000
6001329152.000000
6023995904.000000
6124377600.000000
5857329152.000000
5975624704.000000
5909126144.000000
5991376384.000000
5979155456.000000
5713156096.000000
5804764672.000000
5824488448.000000
5622622208.000000
5616176128.000000
5550258176.000000
5524385280.000000
5669636608.000000
5488934400.000000
5427141120.000000
5671798272.000000
5491841536.000000
5497099776.000000
5475122688.000000
5488262144.000000
5331085824.000000
5402016256.000000
5599778304.000000
5211345408.000000
5215664128.000000
5249849344.000000
5279309824.000000
5231344128.000000
5235326464.000000
5183007744.000000
5070091264.000000
5212747264.000000
4937199616.000000
5255617536.000000
5095591424.000000
4885834240.000000
4740101632.000000
5093637120.000000
4920162816.000000
5038750208.000000
4926872576.000000
4938023424.000000
4873441792.000000
4901530112.000000
4671306240.000000
4743823360.000000
4748037120.000000
4655171072.000000
4853643776.000000
4610280960.000000
4619421184.000000
4590781440.000000
4455659520.000000
4366682624.000000
4416256512.000000
4435260928.000000
4499784704.000000
4399541760.000000
4431084544.000000
4270501376.000000
4136341504.000000
4325553152.000000
4395074560.000000
3963632640.000000
4193740288.000000
4159060224.000000
4144609792.000000
4080863232.000000
4159312384.000000
4076352000.000000
4062192640.000000
3888952064.000000
3949421056.000000
3811956480.000000
3922126848.000000
3955100672.000000
3798953472.000000
3918964992.000000
3822827520.000000
3705149952.000000
3901012224.000000
3914646784.000000
3567319296.000000
3725602304.000000
3683377664.000000
3769652736.000000
3829157120.000000
3789498112.000000
3740032768.000000
3642670592.000000
3534009088.000000
3600090624.000000
3410363648.000000
3443933952.000000
3608060928.000000
3485576704.000000
3606142208.000000
3525111552.000000
3392742912.000000
3484477184.000000
3484974080.000000
3299529472.000000
3246238720.000000
3411193856.000000
3443188224.000000
3359656960.000000
3293796864.000000
3205465344.000000
3279223552.000000
3402938624.000000
3182040320.000000
3186401280.000000
3260433408.000000
3268203264.000000
3147372544.000000
3047166464.000000
3116296448.000000
3096470272.000000
2944521472.000000
3106321664.000000
2884392704.000000
2938689024.000000
3140737792.000000
2965030912.000000
2957200640.000000
2795812864.000000
2798272000.000000
2939713792.000000
2689672960.000000
2635347456.000000
2557133568.000000
2528804352.000000
2717654784.000000
2419962880.000000
2413633280.000000
2510215936.000000
2532027904.000000
2472661760.000000
2425214720.000000
2223933952.000000
2376488448.000000
2353460480.000000
2274734080.000000
2279607040.000000
2175542272.000000
2155936256.000000
2233386752.000000
2248739072.000000
2124373504.000000
2079155200.000000
2114582400.000000
2315886080.000000
2084095360.000000
2136503936.000000
2077999360.000000
2012279040.000000
1959553280.000000
2005579008.000000
1784595328.000000
2009113088.000000
2018291712.000000
1810972928.000000
1888772352.000000
1861415040.000000
1741928704.000000
1776097792.000000
1786218880.000000
1691808896.000000
1644211968.000000
1730284288.000000
1742387712.000000
1639468288.000000
1698603264.000000
1610455680.000000
1637766656.000000
1690952832.000000
1563035904.000000
1483129856.000000
1565281280.000000
1510602752.000000
1408960512.000000
1369041536.000000
1266368512.000000
1312765184.000000
1344572288.000000
1201102976.000000
1080161792.000000
1118116224.000000
1130165504.000000
1092332416.000000
1121868416.000000
1096360320.000000
1035700992.000000
1122900096.000000
1130633344.000000
1044407040.000000
1020425152.000000
1113471232.000000
1107843456.000000
1022035776.000000
1115483776.000000
1047338048.000000
1021182976.000000
973044736.000000
893382400.000000
837949824.000000
882959296.000000
815078336.000000
766853760.000000
722420672.000000
685665728.000000
738126016.000000
651913600.000000
622761152.000000
635167872.000000
518496704.000000
542910592.000000
598086720.000000
514205440.000000
510758560.000000
487397824.000000
469234880.000000
429295808.000000
406711456.000000
330604384.000000
329747776.000000
357745952.000000
275615648.000000
201297184.000000
225764800.000000
171777664.000000
137278480.000000
150756576.000000
71459680.000000
50777316.000000
44991104.000000
29693806.000000
57288496.000000
35094228.000000
