35383240.000000
38763364.000000
41040500.000000
58227088.000000
29127184.000000
95850488.000000
155651840.000000
148202480.000000
180375104.000000
172294464.000000
154954640.000000
203094720.000000
212114288.000000
240708848.000000
339673632.000000
379897856.000000
292487584.000000
386535968.000000
399803552.000000
317142432.000000
472676736.000000
466785568.000000
490457440.000000
613418880.000000
695931392.000000
530314976.000000
643425536.000000
805459968.000000
672285696.000000
775092160.000000
934435648.000000
800105792.000000
719348352.000000
913907392.000000
904921024.000000
991197184.000000
935601344.000000
922009856.000000
960965952.000000
1034114560.000000
1036772608.000000
1041387904.000000
1109143936.000000
1183522304.000000
1242011392.000000
1203023104.000000
1434171136.000000
1377225600.000000
1102402304.000000
1212413568.000000
1487899264.000000
1319564032.000000
1425739008.000000
1501224448.000000
1318473472.000000
1433847680.000000
1441589376.000000
1517770112.000000
1544452224.000000
1572309760.000000
1493764480.000000
1582189824.000000
1664934656.000000
1725278336.000000
1604185472.000000
1696634624.000000
1861270144.000000
1772010752.000000
1808881920.000000
1834281216.000000
1718489856.000000
1707313280.000000
1807691264.000000
1950849408.000000
1765819136.000000
1793662208.000000
1782483072.000000
1940278784.000000
1994966784.000000
2089793408.000000
2114153088.000000
2045105152.000000
2035798912.000000
2202380032.000000
2230560768.000000
2359761408.000000
2185696256.000000
2130261760.000000
2325783552.000000
2134843904.000000
2301336576.000000
2348221696.000000
2429332480.000000
2376397056.000000
2351588864.000000
2318341888.000000
2522838016.000000
2493886208.000000
2436429312.000000
2620029952.000000
2609060352.000000
2645488128.000000
2657052160.000000
2776317952.000000
2615276032.000000
2690187264.000000
2648143872.000000
2737011456.000000
2745017088.000000
2704918272.000000
2550745856.000000
2807351552.000000
2883239424.000000
2845992704.000000
2686641664.000000
2911612416.000000
2884616448.000000
2898917120.000000
3139784960.000000
3069403136.000000
2820812288.000000
3042296320.000000
3231325440.000000
3028596992.000000
3278497280.000000
3201754624.000000
3030605824.000000
2906890496.000000
3221147904.000000
3218908160.000000
3362969600.000000
3280392960.000000
3318783488.000000
3252877824.000000
3460698624.000000
3467736576.000000
3273845504.000000
3419223296.000000
3503498752.000000
3390902784.000000
3580852992.000000
3683030784.000000
3531574272.000000
3547721984.000000
3609620224.000000
3747257856.000000
3669446912.000000
3600380416.000000
3592847360.000000
3722628096.000000
3607433728.000000
3665496320.000000
3732820736.000000
3731235072.000000
3892645632.000000
3940647424.000000
3862696448.000000
3894427392.000000
3854902528.000000
3475055872.000000
3983112960.000000
3914898432.000000
3864103424.000000
3964728064.000000
4057275392.000000
4012660224.000000
4140101888.000000
4176745216.000000
4078269952.000000
4315712000.000000
4338032640.000000
3990851584.000000
4242272000.000000
4312955392.000000
4174165248.000000
4397599232.000000
4438606336.000000
4369256960.000000
4374979584.000000
4555639808.000000
4518255104.000000
4540533760.000000
4360950784.000000
4476519424.000000
4591451648.000000
4457375744.000000
4730672640.000000
4711387136.000000
4623541760.000000
4700987904.000000
4882124800.000000
4726278656.000000
4686111232.000000
4754473984.000000
4748714496.000000
5111931904.000000
4805041664.000000
4898293248.000000
4615799296.000000
4800786432.000000
4903267328.000000
4932168192.000000
5262885376.000000
5057144320.000000
5006285824.000000
5085243904.000000
5077665792.000000
4920050688.000000
5191782912.000000
5392323072.000000
5398112768.000000
5250215936.000000
5343917568.000000
5407190528.000000
5318995456.000000
5090445824.000000
5342686208.000000
5343073792.000000
5354607104.000000
5425456128.000000
5221636608.000000
5159938560.000000
5525078528.000000
5510809088.000000
5150312448.000000
5713382400.000000
5387639808.000000
5524832768.000000
5589276160.000000
5605353984.000000
5605262336.000000
5646922752.000000
5559041536.000000
5747947008.000000
5567285248.000000
5830253056.000000
5707485184.000000
5879664128.000000
5643855872.000000
5937233920.000000
5849069056.000000
5797308416.000000
5963453440.000000
6096871424.000000
6029923328.000000
6104351744.000000
6202131456.000000
6157228032.000000
6184902656.000000
5988167680.000000
6298825728.000000
6244493312.000000
6425837056.000000
6208318464.000000
6089636864.000000
6159023616.000000
6238023168.000000
6483596800.000000
6633817088.000000
6319785472.000000
6518518272.000000
6437446144.000000
6643484672.000000
6478897664.000000
6424390144.000000
6678961152.000000
6812150272.000000
6570253312.000000
6738076672.000000
6586046464.000000
6612961280.000000
6824845312.000000
6772139008.000000
6766664192.000000
6914671616.000000
6740327424.000000
6693222912.000000
6949056512.000000
6787335168.000000
7106283520.000000
7066831872.000000
7279120384.000000
7100955136.000000
6976052736.000000
7058929664.000000
7092647424.000000
7136125440.000000
7370969600.000000
7260552192.000000
7208843264.000000
7286703104.000000
7234470400.000000
7198798336.000000
7265547776.000000
7220668416.000000
7403547648.000000
7416730624.000000
7400699392.000000
7457394688.000000
7402455552.000000
7579879424.000000
7334889472.000000
7443653120.000000
7432822272.000000
7502941696.000000
7707140608.000000
7753206272.000000
7785184768.000000
7468830208.000000
7671544832.000000
7480877568.000000
7585952256.000000
7840867840.000000
7714032640.000000
7911587328.000000
7821741568.000000
7707940864.000000
7628471296.000000
7869870592.000000
7865144832.000000
7989762048.000000
7856431104.000000
7768422912.000000
7805009408.000000
8096930304.000000
7990261760.000000
8161635840.000000
7860377088.000000
8089926144.000000
8123084800.000000
8086037504.000000
7962601984.000000
8134176256.000000
7954793984.000000
8259035648.000000
8534327296.000000
8231818752.000000
8187511808.000000
8196719616.000000
8034314752.000000
8043936768.000000
8057386496.000000
8155490816.000000
8007186432.000000
8347919872.000000
8577984000.000000
8221487616.000000
8189797888.000000
8530839552.000000
8287410176.000000
8071153152.000000
8266792960.000000
8491726848.000000
8628772864.000000
8619180032.000000
8718174208.000000
8513906688.000000
8428244480.000000
8337942528.000000
8539758592.000000
8594321408.000000
8463503872.000000
8725099520.000000
8803354624.000000
8760799232.000000
8895925248.000000
8570024960.000000
8610456576.000000
9290951680.000000
8821470208.000000
9084765184.000000
9051530240.000000
9161637888.000000
9005558784.000000
8914056192.000000
9104544768.000000
9368121344.000000
9290308608.000000
9278384128.000000
9558577152.000000
9368458240.000000
9450660864.000000
9315565568.000000
9674684416.000000
9702956032.000000
9624728576.000000
9422150656.000000
9578178560.000000
9570397184.000000
9672232960.000000
9840252928.000000
10071154688.000000
9921801216.000000
9928646656.000000
9902088192.000000
9900255232.000000
10042251264.000000
10074327040.000000
9882982400.000000
9858254848.000000
10353562624.000000
10120589312.000000
10261080064.000000
10117517312.000000
10075614208.000000
10203992064.000000
10035926016.000000
10394620928.000000
10365494272.000000
10351293440.000000
10303766528.000000
9998142464.000000
10337506304.000000
10746685440.000000
10384368640.000000
10183195648.000000
10515198976.000000
10727191552.000000
10485686272.000000
10743407616.000000
10606534656.000000
11037306880.000000
10629059584.000000
10516815872.000000
10546159616.000000
10804756480.000000
10997530624.000000
10711329792.000000
10786290688.000000
10415674368.000000
10731691008.000000
10721243136.000000
11035897856.000000
10941835264.000000
10872137728.000000
10923386880.000000
11202109440.000000
10960764928.000000
11130747904.000000
11407873024.000000
11285412864.000000
11176165376.000000
11111568384.000000
11113044992.000000
11075023872.000000
11612385280.000000
11249729536.000000
11213405184.000000
11455716352.000000
11558233088.000000
11279749120.000000
11641424896.000000
11501942784.000000
11509764096.000000
11442593792.000000
11891175424.000000
11673635840.000000
11579301888.000000
11476385792.000000
11303574528.000000
11672278016.000000
11658187776.000000
11996078080.000000
11611891712.000000
11812312064.000000
11775459328.000000
11727665152.000000
11689273344.000000
12105542656.000000
12087310336.000000
12249114624.000000
11884024832.000000
12114959360.000000
11957005312.000000
12352221184.000000
12407979008.000000
12002962432.000000
11845921792.000000
12363034624.000000
12144163840.000000
12435712000.000000
12185850880.000000
12324641792.000000
12488108032.000000
12571536384.000000
12327486464.000000
12289836032.000000
12661988352.000000
12698171392.000000
12888295424.000000
12342098944.000000
12597633024.000000
13191202816.000000
12507939840.000000
12914258944.000000
12995900416.000000
12919244800.000000
13050536960.000000
13086067712.000000
13174707200.000000
12775798784.000000
13191778304.000000
12636559360.000000
13323703296.000000
13340488704.000000
13425825792.000000
12914192384.000000
13313358848.000000
12856496128.000000
13448840192.000000
13406347264.000000
13438114816.000000
13489453056.000000
13448501248.000000
13564536832.000000
13623420928.000000
13149073408.000000
13152678912.000000
13521113088.000000
13280904192.000000
13378793472.000000
13375798272.000000
13700716544.000000
13629854720.000000
13753281536.000000
13384266752.000000
13777265664.000000
14010431488.000000
13859059712.000000
13536264192.000000
13802349568.000000
13898601472.000000
13929298944.000000
13960657920.000000
13960481792.000000
13662556160.000000
14037207040.000000
14201658368.000000
14140793856.000000
13984778240.000000
14034205696.000000
14364942336.000000
13837827072.000000
14070606848.000000
13881434112.000000
14239266816.000000
14246213632.000000
14330273792.000000
14035462144.000000
14078846976.000000
14384961536.000000
13622774784.000000
14046066688.000000
14406361088.000000
14085346304.000000
13913949184.000000
14489098240.000000
14421531648.000000
14094897152.000000
14771487744.000000
14537928704.000000
14614562816.000000
14494604288.000000
14285205504.000000
14566497280.000000
14361558016.000000
14455646208.000000
14934043648.000000
14261738496.000000
14658045952.000000
14851216384.000000
14661929984.000000
14879415296.000000
14512520192.000000
14531092480.000000
14751740928.000000
14998130688.000000
14612890624.000000
14467159040.000000
14739478528.000000
14846346240.000000
14355537920.000000
15141765120.000000
14896919552.000000
15163232256.000000
14721836032.000000
15273622528.000000
15094547456.000000
15215268864.000000
14970912768.000000
14692994048.000000
14906597376.000000
15259343872.000000
15075132416.000000
15744243712.000000
15197198336.000000
15641080832.000000
14931741696.000000
15590767616.000000
15738107904.000000
15493343232.000000
15370255360.000000
15395294208.000000
15505601536.000000
15092205568.000000
15811314688.000000
15522622464.000000
15670322176.000000
15660391424.000000
15825628160.000000
15670463488.000000
15690478592.000000
15447695360.000000
15874855936.000000
16008879104.000000
15957348352.000000
15816695808.000000
15564344320.000000
15786106880.000000
15821420544.000000
16051256320.000000
16005343232.000000
16199542784.000000
16267446272.000000
15973174272.000000
15681217536.000000
15859723264.000000
15780039680.000000
16064546816.000000
16463920128.000000
16279567360.000000
15886907392.000000
16291271680.000000
16422544384.000000
16379881472.000000
16440231936.000000
16173553664.000000
16539133952.000000
16620190720.000000
16489270272.000000
16486000640.000000
16635963392.000000
16449783808.000000
17011848192.000000
16580110336.000000
16487735296.000000
16593068032.000000
16890663936.000000
16869257216.000000
17307056128.000000
16701734912.000000
17009745920.000000
17127119872.000000
16936822784.000000
17029725184.000000
17208924160.000000
16807520256.000000
17005820928.000000
17383999488.000000
17410367488.000000
17134556160.000000
17441130496.000000
16992690176.000000
17164731392.000000
17181956096.000000
17172716544.000000
17205655552.000000
17733423104.000000
17510111232.000000
17618315264.000000
17282830336.000000
17473529856.000000
17908131840.000000
17642344448.000000
17580609536.000000
17761837056.000000
17911449600.000000
17814540288.000000
17907550208.000000
17799675904.000000
17762639872.000000
18046898176.000000
17838514176.000000
17802840064.000000
17697837056.000000
18163509248.000000
18255175680.000000
18074234880.000000
18223101952.000000
18330562560.000000
18136170496.000000
18180921344.000000
18112614400.000000
17904384000.000000
18028587008.000000
17913260032.000000
18617018368.000000
18174224384.000000
18391451648.000000
18173315072.000000
18207455232.000000
18209280000.000000
17987143680.000000
18484586496.000000
18249115648.000000
18344577024.000000
18870263808.000000
18239555584.000000
18579142656.000000
18228957184.000000
18549798912.000000
18187649024.000000
18223730688.000000
18514241536.000000
18472314880.000000
18804819968.000000
18996183040.000000
18726477824.000000
18273028096.000000
18574333952.000000
18722134016.000000
18639910912.000000
18644103168.000000
18443421696.000000
18689228800.000000
18935287808.000000
19041101824.000000
18831820800.000000
18712887296.000000
19344017408.000000
19111399424.000000
19117922304.000000
18496296960.000000
18729568256.000000
18850895872.000000
19063228416.000000
19362889728.000000
19308818432.000000
18822903808.000000
19178514432.000000
19358216192.000000
18744608768.000000
19346976768.000000
18934044672.000000
19447060480.000000
19522187264.000000
19103119360.000000
18915463168.000000
19356846080.000000
19921324032.000000
18938284032.000000
19232614400.000000
19372523520.000000
19432361984.000000
19597318144.000000
19357609984.000000
19330639872.000000
19635902464.000000
19631771648.000000
19446718464.000000
19217920000.000000
20113256448.000000
19926343680.000000
20136552448.000000
19993495552.000000
19819948032.000000
19598370816.000000
19976222720.000000
19814475776.000000
20143343616.000000
19747870720.000000
19543009280.000000
19698911232.000000
20038819840.000000
20058425344.000000
19539877888.000000
20297621504.000000
20130836480.000000
20001280000.000000
19971987456.000000
20110491648.000000
19588988928.000000
19896459264.000000
20170076160.000000
20275443712.000000
20128393216.000000
20080332800.000000
20009984000.000000
20442681344.000000
20235360256.000000
20142344192.000000
20269285376.000000
20738918400.000000
20306350080.000000
20097714176.000000
19908796416.000000
20156319744.000000
20414517248.000000
20280287232.000000
20346642432.000000
20604815360.000000
20639117312.000000
20830918656.000000
20351223808.000000
20352018432.000000
20566915072.000000
20505036800.000000
20739715072.000000
20770621440.000000
20955293696.000000
20511324160.000000
20825710592.000000
20633636864.000000
20826306560.000000
20474058752.000000
20662413312.000000
21052692480.000000
21148606464.000000
20987824128.000000
20536293376.000000
20805054464.000000
20945741824.000000
21462697984.000000
20858687488.000000
21164759040.000000
21352896512.000000
20973613056.000000
21436002304.000000
21333518336.000000
21849821184.000000
21000962048.000000
21809577984.000000
21739710464.000000
21416855552.000000
21613795328.000000
21460596736.000000
21854484480.000000
21604198400.000000
21363179520.000000
21548015616.000000
21765742592.000000
21777766400.000000
21860902912.000000
22004580352.000000
21790128128.000000
21555267584.000000
22400436224.000000
21691154432.000000
22016712704.000000
22298802176.000000
22487408640.000000
22522232832.000000
22083690496.000000
21992019968.000000
22544822272.000000
22580774912.000000
22358001664.000000
22265094144.000000
22269450240.000000
22873251840.000000
22665351168.000000
22605907968.000000
22209687552.000000
22918985728.000000
22284548096.000000
22271412224.000000
22501949440.000000
22442723328.000000
22128068608.000000
22626488320.000000
22557757440.000000
23121514496.000000
22254340096.000000
23040759808.000000
22543804416.000000
22576592896.000000
22945105920.000000
22964840448.000000
23144865792.000000
22905968640.000000
23149746176.000000
22972915712.000000
22757758976.000000
23072389120.000000
22708099072.000000
23034839040.000000
22777327616.000000
23397353472.000000
23085748224.000000
23175397376.000000
23346073600.000000
23082692608.000000
23270219776.000000
23353812992.000000
23368294400.000000
23129503744.000000
23421784064.000000
23056707584.000000
23552591872.000000
23601999872.000000
22904266752.000000
23167086592.000000
23031468032.000000
23756132352.000000
23930851328.000000
23335106560.000000
23683426304.000000
23202918400.000000
23794581504.000000
23651219456.000000
23310442496.000000
23796011008.000000
23444189184.000000
23030132736.000000
23017936896.000000
24205746176.000000
23940689920.000000
24008658944.000000
23894097920.000000
24327911424.000000
24157440000.000000
24221601792.000000
24026900480.000000
23971137536.000000
24156712960.000000
23800600576.000000
24126474240.000000
24368463872.000000
24319416320.000000
23935490048.000000
23822372864.000000
24279349248.000000
24541376512.000000
24343191552.000000
24133668864.000000
24139741184.000000
24710885376.000000
24143982592.000000
24640028672.000000
24461033472.000000
24122435584.000000
24030152704.000000
24737845248.000000
24585578496.000000
24663742464.000000
24345673728.000000
24573767680.000000
24886820864.000000
24515567616.000000
24863784960.000000
24641609728.000000
24679612416.000000
24592140288.000000
25154385920.000000
24307933184.000000
24673624064.000000
24926857216.000000
24737990656.000000
24795770880.000000
25067051008.000000
24681322496.000000
24544344064.000000
25070927872.000000
24772921344.000000
25008103424.000000
25102407680.000000
24936325120.000000
24947949568.000000
25532807168.000000
25432240128.000000
24922411008.000000
25220694016.000000
25249265664.000000
24979304448.000000
24490115072.000000
25752078336.000000
25802151936.000000
25871183872.000000
25716054016.000000
25172748288.000000
25431910400.000000
25600897024.000000
25588232192.000000
25357801472.000000
25185603584.000000
25743400960.000000
25522728960.000000
25513213952.000000
26067585024.000000
25529430016.000000
25620924416.000000
25829697536.000000
25459582976.000000
26041493504.000000
25825103872.000000
26103308288.000000
25832826880.000000
25952487424.000000
25886136320.000000
25947531264.000000
26416093184.000000
26155773952.000000
26159026176.000000
25735571456.000000
26695618560.000000
26360203264.000000
25948379136.000000
26514194432.000000
25873793024.000000
26740639744.000000
26667001856.000000
26444187648.000000
26260178944.000000
26691526656.000000
26476718080.000000
26625740800.000000
26285451264.000000
26984480768.000000
26567751680.000000
26114310144.000000
18425227264.000000
26707206144.000000
26170329088.000000
26653097984.000000
26924896256.000000
26698323968.000000
6720697925632.000000
26252560384.000000
6684439216128.000000
26376613888.000000
6603984076800.000000
26707970048.000000
6585009045504.000000
26625556480.000000
6634544824320.000000
26681559040.000000
6707189645312.000000
27137353728.000000
6604835520512.000000
26917132288.000000
6824948400128.000000
26456989696.000000
6740921286656.000000
26220662784.000000
6643385892864.000000
26250006528.000000
6573233537024.000000
26055374848.000000
6575684059136.000000
25962444800.000000
6475192205312.000000
26115530752.000000
6639937650688.000000
26204246016.000000
6467669721088.000000
25360549888.000000
6704156114944.000000
25640253440.000000
6637393281024.000000
25870997504.000000
6617635487744.000000
25675816960.000000
6667056971776.000000
25632468992.000000
6574845722624.000000
25435779072.000000
6521812418560.000000
26121072640.000000
6720667516928.000000
25526089728.000000
6532910546944.000000
25619939328.000000
6494387437568.000000
25285732352.000000
6622751490048.000000
25363957760.000000
6592875462656.000000
25584564224.000000
6776445992960.000000
25558009856.000000
6630892634112.000000
25613748224.000000
6909310009344.000000
25246552064.000000
6651403829248.000000
24815288320.000000
6431730827264.000000
24780877824.000000
6535010844672.000000
24831016960.000000
6670970781696.000000
25073530880.000000
6535712342016.000000
24701339648.000000
6550055288832.000000
24488071168.000000
6637167312896.000000
24847376384.000000
6605123354624.000000
24437516288.000000
6594033614848.000000
24801454080.000000
6670608498688.000000
24233183232.000000
6513233494016.000000
24390014976.000000
6690480062464.000000
24461735936.000000
6554123763712.000000
24951042048.000000
6863319465984.000000
24608419840.000000
6722857467904.000000
24500291584.000000
6628804395008.000000
24235552768.000000
6604006621184.000000
24198273024.000000
6618719715328.000000
24275228672.000000
6667729633280.000000
24455315456.000000
6545500798976.000000
24029372416.000000
6650356826112.000000
24055504896.000000
6795511201792.000000
24288550912.000000
6508788056064.000000
23979862016.000000
6701691437056.000000
24088197120.000000
6696584871936.000000
23958075392.000000
6599339409408.000000
24041115648.000000
6735447195648.000000
23779559424.000000
6656765198336.000000
24220131328.000000
6718931599360.000000
23969036288.000000
6519491919872.000000
23355899904.000000
6759136100352.000000
23749306368.000000
6659066822656.000000
23236290560.000000
6686315118592.000000
23084910592.000000
6545875664896.000000
23020756992.000000
6728728969216.000000
23475685376.000000
6743470899200.000000
23429720064.000000
6689119535104.000000
23161679872.000000
6763391746048.000000
23575072768.000000
6566868680704.000000
23522729984.000000
6714998390784.000000
23372589056.000000
6735466594304.000000
22831648768.000000
6760967438336.000000
23225796608.000000
6471921696768.000000
23221694464.000000
6497641168896.000000
23169171456.000000
6783055691776.000000
22790432768.000000
6621474848768.000000
23107655680.000000
6606069694464.000000
22878834688.000000
6617104908288.000000
23056644096.000000
6485936439296.000000
22658926592.000000
6623301468160.000000
23353378816.000000
6561816641536.000000
22558117888.000000
6590301208576.000000
22059081728.000000
6662056837120.000000
22196123648.000000
6759603240960.000000
21989490688.000000
6713974456320.000000
22203289600.000000
6711795515392.000000
22411499520.000000
6596111892480.000000
22312237056.000000
6605485113344.000000
22422532096.000000
6695071252480.000000
22491412480.000000
6626762817536.000000
22265374720.000000
6809983647744.000000
21943922688.000000
6693171757056.000000
22369024000.000000
6724010377216.000000
21833603072.000000
6677417951232.000000
22315882496.000000
6568911831040.000000
22135988224.000000
6558897930240.000000
22173257728.000000
6589214883840.000000
22078240768.000000
6685943922688.000000
21879314432.000000
6691392323584.000000
21808410624.000000
6723891363840.000000
21818703872.000000
6764496420864.000000
21648961536.000000
6720624001024.000000
21584062464.000000
6713162858496.000000
21765289984.000000
6682054230016.000000
21609519104.000000
6746967900160.000000
21652072448.000000
6610171199488.000000
21183293440.000000
6874577502208.000000
21207574528.000000
6558000873472.000000
21273153536.000000
6643754991616.000000
21389492224.000000
6683788050432.000000
21431267328.000000
6627171237888.000000
21407623168.000000
6648789729280.000000
21000566784.000000
6760093450240.000000
21026103296.000000
6625792360448.000000
20997597184.000000
6680383848448.000000
20984344576.000000
6637900267520.000000
21392699392.000000
6539900354560.000000
20526938112.000000
6582854221824.000000
21044879360.000000
6616645107712.000000
20815470592.000000
6853199659008.000000
21126273024.000000
6808467931136.000000
20620599296.000000
6703953215488.000000
20490250240.000000
6689090174976.000000
20498647040.000000
6661750128640.000000
20707747840.000000
6633847521280.000000
20645566464.000000
6671883567104.000000
20713500672.000000
6763186225152.000000
19991670784.000000
6559375032320.000000
20234455040.000000
6541170704384.000000
20222969856.000000
6648396513280.000000
20516282368.000000
6613959180288.000000
19796176896.000000
6591240732672.000000
20022218752.000000
6617954254848.000000
20249509888.000000
6693244108800.000000
19905411072.000000
6578504204288.000000
19864770560.000000
6544972840960.000000
19800721408.000000
6519218241536.000000
19618627584.000000
6771988496384.000000
19883374592.000000
6674021089280.000000
19753760768.000000
6635859214336.000000
19834630144.000000
6791204700160.000000
19809150976.000000
6602928685056.000000
19409989632.000000
6817324204032.000000
19780114432.000000
6621679321088.000000
19440332800.000000
6640195076096.000000
19276326912.000000
6491654848512.000000
19583285248.000000
6772012089344.000000
19720155136.000000
6707444449280.000000
19620802560.000000
6492077424640.000000
19597092864.000000
6633094119424.000000
19172409344.000000
6941790699520.000000
19339489280.000000
6548240203776.000000
19397472256.000000
6712104321024.000000
19210889216.000000
6716354199552.000000
19506319360.000000
6730811441152.000000
19196424192.000000
6570964418560.000000
18793154560.000000
6781030367232.000000
19200929792.000000
6643426263040.000000
18670792704.000000
6707728089088.000000
18660335616.000000
6452926742528.000000
18832291840.000000
6713417662464.000000
18733694976.000000
6629765939200.000000
18814779392.000000
6657208745984.000000
18728863744.000000
6667908415488.000000
18781454336.000000
6795320885248.000000
18343858176.000000
6641589157888.000000
18314110976.000000
6746022084608.000000
18585751552.000000
6652606021632.000000
18435385344.000000
6801801084928.000000
18916329472.000000
6634509172736.000000
18111535104.000000
6748266561536.000000
18798956544.000000
6532506845184.000000
18255271936.000000
6628671750144.000000
18083631104.000000
6591090262016.000000
18724022272.000000
6626373795840.000000
17955301376.000000
6656634650624.000000
18384353280.000000
6639417556992.000000
18718785536.000000
6705686511616.000000
17906526208.000000
6642187370496.000000
17909315584.000000
6706452496384.000000
17833148416.000000
6832897654784.000000
18089308160.000000
6733912080384.000000
17848248320.000000
6697479307264.000000
17807597568.000000
6706982027264.000000
17814466560.000000
6759444381696.000000
17740896256.000000
6596227760128.000000
17525385216.000000
6660186701824.000000
17534304256.000000
6741302444032.000000
17503076352.000000
6704253108224.000000
17382453248.000000
6615309221888.000000
17627000832.000000
6667485839360.000000
17194180608.000000
6522616152064.000000
17177157632.000000
6492245196800.000000
16928681984.000000
6574317240320.000000
16994399232.000000
6594005303296.000000
17088831488.000000
6537406316544.000000
16981821440.000000
6550693347328.000000
16842271744.000000
6619017510912.000000
16599821312.000000
6791344160768.000000
16794043392.000000
6662007554048.000000
16783653888.000000
6643887636480.000000
16809337856.000000
6704165552128.000000
16450128896.000000
6407732068352.000000
16531374080.000000
6636852740096.000000
16473079808.000000
6666108010496.000000
16623327232.000000
6739121405952.000000
16367370240.000000
6450728402944.000000
15982382080.000000
6658995519488.000000
16211774464.000000
6601419784192.000000
16511934464.000000
6752554713088.000000
16252591104.000000
6639079915520.000000
16164807680.000000
6632996077568.000000
16055219200.000000
6598707642368.000000
15764797440.000000
6766127480832.000000
15721156608.000000
6571205066752.000000
15933029376.000000
6677132738560.000000
15647328256.000000
6679387701248.000000
15687149568.000000
6662651379712.000000
15558477824.000000
6611896107008.000000
15511823360.000000
6828044845056.000000
15854294016.000000
6331380531200.000000
15575207936.000000
6743860445184.000000
15263013888.000000
6682749435904.000000
15428781056.000000
6797735755776.000000
15171607552.000000
6460424060928.000000
15230305280.000000
6601484271616.000000
15187057664.000000
6827396300800.000000
15238128640.000000
6584139776000.000000
15474473984.000000
6616757829632.000000
15091662848.000000
6637751894016.000000
15149527040.000000
6661593890816.000000
15318924288.000000
6598902153216.000000
14779585536.000000
6594989916160.000000
14803893248.000000
6575658369024.000000
15262129152.000000
6692422549504.000000
15084569600.000000
6628377100288.000000
15092973568.000000
6934959751168.000000
14258821120.000000
6797030588416.000000
14556008448.000000
6651073527808.000000
14400619520.000000
6556922413056.000000
14783950848.000000
6639148072960.000000
14193692672.000000
6590028054528.000000
14214093824.000000
6509081133056.000000
13948409856.000000
6553277038592.000000
13892545536.000000
6548583088128.000000
14049178624.000000
6795233329152.000000
13811009536.000000
6757212487680.000000
13931793408.000000
6684136701952.000000
13744413696.000000
6677697921024.000000
13586116608.000000
6618946207744.000000
13895732224.000000
6655406243840.000000
13568755712.000000
6543980888064.000000
13355233280.000000
6598242074624.000000
13601594368.000000
6699407638528.000000
13606728704.000000
6691414867968.000000
13498252288.000000
6502747209728.000000
13269319680.000000
6658292973568.000000
13392296960.000000
6545628200960.000000
13368873984.000000
6555706064896.000000
13169408000.000000
6707940950016.000000
13339692032.000000
6689478148096.000000
13144309760.000000
6595945693184.000000
13182254080.000000
6697415868416.000000
13140932608.000000
6732863504384.000000
12768102400.000000
6734117076992.000000
12643215360.000000
6537140502528.000000
12758740992.000000
6734400716800.000000
12745391104.000000
6686034100224.000000
12619959296.000000
6709617623040.000000
12263846912.000000
6642799214592.000000
12588345344.000000
6687163940864.000000
12829749248.000000
6546854510592.000000
12590894080.000000
6591642337280.000000
12679472128.000000
6660012113920.000000
12418705408.000000
6713951387648.000000
12520543232.000000
6813420879872.000000
12810411008.000000
6550487826432.000000
12646437888.000000
6782775197696.000000
12148122624.000000
6571233902592.000000
12016423936.000000
6542984740864.000000
12364625920.000000
6626937405440.000000
12333961216.000000
6503813087232.000000
12337905664.000000
6536807055360.000000
12250687488.000000
6564793024512.000000
12059877376.000000
6589353295872.000000
11861766144.000000
6577352343552.000000
12175362048.000000
6717187817472.000000
12117128192.000000
6539695882240.000000
11883498496.000000
6485641789440.000000
11792925696.000000
6631913422848.000000
11460639744.000000
6721791066112.000000
11812575232.000000
6662820200448.000000
11721224192.000000
6690133508096.000000
11639803904.000000
6740912898048.000000
11399869440.000000
6818607136768.000000
11248948224.000000
6716818718720.000000
11387774976.000000
6523382661120.000000
11467781120.000000
6624548749312.000000
11218590720.000000
6686236999680.000000
11201779712.000000
6539332550656.000000
11023412224.000000
6579496681472.000000
11382717440.000000
6662746275840.000000
11170277376.000000
6689255325696.000000
11323008000.000000
6506676748288.000000
11207426048.000000
6769647026176.000000
11082694656.000000
6631458865152.000000
11227598848.000000
6499879354368.000000
10926519296.000000
6541137149952.000000
11268986880.000000
6704780541952.000000
10707960832.000000
6697026322432.000000
10407620608.000000
6746044628992.000000
10954210304.000000
6749131636736.000000
10613542912.000000
6695280967680.000000
10437860352.000000
6746287898624.000000
10530353152.000000
6766666448896.000000
10163784704.000000
6589093249024.000000
10493283328.000000
6642608373760.000000
10338385920.000000
6656934543360.000000
10520811520.000000
6673582784512.000000
10245320704.000000
6656653000704.000000
9966027776.000000
6640534814720.000000
10183202816.000000
6687922585600.000000
9918759936.000000
6725577998336.000000
9871711232.000000
6465242791936.000000
10017697792.000000
6571704188928.000000
9743872000.000000
6632915337216.000000
9520990208.000000
6678836150272.000000
9795490816.000000
6788855889920.000000
9505299456.000000
6708334166016.000000
9738708992.000000
6777375555584.000000
9390658560.000000
6791662927872.000000
9199025152.000000
6628566892544.000000
9357593600.000000
6721009876992.000000
8978154496.000000
6661163450368.000000
9107264512.000000
6450310545408.000000
9296817152.000000
6616997429248.000000
9024368640.000000
6856815149056.000000
8949271552.000000
6713060098048.000000
8877979648.000000
6615376330752.000000
8970090496.000000
6695390543872.000000
8739166208.000000
6754477801472.000000
8772525056.000000
6719055331328.000000
8530075136.000000
6523448721408.000000
8669541376.000000
6745090949120.000000
8414615552.000000
6687946178560.000000
8408655360.000000
6601913663488.000000
8572975616.000000
6661353242624.000000
8200152064.000000
6582845833216.000000
8429885952.000000
6777059409920.000000
8875645952.000000
6415307505664.000000
8218875904.000000
6685816520704.000000
8235133440.000000
6569188655104.000000
8424645632.000000
6706958434304.000000
8192462848.000000
6495812976640.000000
8207475712.000000
6447580053504.000000
7988094976.000000
6547754188800.000000
7961591808.000000
6663181959168.000000
8011187712.000000
6780537536512.000000
8219332608.000000
6714851590144.000000
8114976256.000000
6716092579840.000000
8007405056.000000
6579819642880.000000
7770323456.000000
6461882105856.000000
7883319808.000000
6654036279296.000000
7690611200.000000
6526571380736.000000
7857676800.000000
6405348655104.000000
7924741120.000000
6525297360896.000000
7763004416.000000
6642136514560.000000
7574171136.000000
6510143864832.000000
7695192576.000000
6574788050944.000000
7446985216.000000
6598540394496.000000
7545634816.000000
6704450240512.000000
7684387328.000000
6750599118848.000000
7641791488.000000
6493399154688.000000
7764333568.000000
6681673596928.000000
7495448064.000000
6582100819968.000000
7132872704.000000
6516934443008.000000
7177505280.000000
6754368225280.000000
7092369920.000000
6648728911872.000000
7090595328.000000
6598732808192.000000
7140456448.000000
6563383214080.000000
6956208640.000000
6624331694080.000000
6815408128.000000
6463220088832.000000
6862770176.000000
6562483535872.000000
7079988736.000000
6608099213312.000000
6533203456.000000
6792883470336.000000
6938149888.000000
6562947530752.000000
6848946176.000000
6592534675456.000000
6899864064.000000
6704515776512.000000
6645414912.000000
6697591504896.000000
6804078592.000000
6589880205312.000000
6660841984.000000
6793557704704.000000
6518235648.000000
6488137400320.000000
6653957120.000000
6620686843904.000000
6546782208.000000
6864586670080.000000
6592839168.000000
6793654173696.000000
6471067648.000000
6661399379968.000000
6373831168.000000
6607203205120.000000
6460643840.000000
6715814707200.000000
6270797312.000000
6760471986176.000000
6132997120.000000
6653608460288.000000
6411076096.000000
6610139217920.000000
6373130752.000000
6607908896768.000000
6212622336.000000
6522515488768.000000
6073711104.000000
6672827285504.000000
5961805824.000000
6534287327232.000000
5619637760.000000
6662579027968.000000
5604350464.000000
6651784986624.000000
5892414976.000000
6757612519424.000000
5798985728.000000
6765641465856.000000
5769893888.000000
6547914096640.000000
5547152384.000000
6534997213184.000000
5509965824.000000
6858528522240.000000
5478803968.000000
6611009011712.000000
5418648064.000000
6600312487936.000000
5503757312.000000
6541953466368.000000
5332095488.000000
6549914255360.000000
5215265280.000000
6679669243904.000000
5300108800.000000
6627907338240.000000
5060486656.000000
6520787959808.000000
5001443840.000000
6683442020352.000000
5048408576.000000
6623503319040.000000
4953388032.000000
6566595002368.000000
4990294528.000000
6798025162752.000000
4894499328.000000
6571354488832.000000
4691162112.000000
6800204103680.000000
4707956224.000000
6669706723328.000000
4584561664.000000
6592040271872.000000
4382095872.000000
6464195788800.000000
4409829376.000000
6649058689024.000000
4319493632.000000
6622979555328.000000
4294048000.000000
6629813649408.000000
4231350272.000000
6730764255232.000000
4175876864.000000
6514563612672.000000
4078813952.000000
6502214008832.000000
4124788992.000000
6629903826944.000000
3988331264.000000
6574003191808.000000
3925442304.000000
6426312310784.000000
3962789376.000000
6620220751872.000000
4009844992.000000
6561633140736.000000
3888497152.000000
6505571024896.000000
3825103360.000000
6663514882048.000000
3657598976.000000
6599387119616.000000
3719462656.000000
6569921609728.000000
3738091008.000000
6655846645760.000000
3837313536.000000
6703020507136.000000
3861267200.000000
6688559071232.000000
3508677376.000000
6717275897856.000000
3434302208.000000
6591117524992.000000
3513094144.000000
6581111488512.000000
3324501760.000000
6746167312384.000000
3410156544.000000
6769188798464.000000
3251094528.000000
6523456585728.000000
3211620096.000000
6520955207680.000000
3081930752.000000
6539410669568.000000
3254446848.000000
6495243075584.000000
3119364352.000000
6638322843648.000000
3055033344.000000
6632771682304.000000
2922364672.000000
6514412617728.000000
3127592192.000000
6621731749888.000000
2914931456.000000
6455073177600.000000
2788993792.000000
6664257798144.000000
2778317568.000000
6580858257408.000000
2467204864.000000
6673147625472.000000
2668376064.000000
6670535622656.000000
2729691392.000000
6641080598528.000000
2524922624.000000
6721934721024.000000
2375974912.000000
6666228072448.000000
2398782976.000000
6558929911808.000000
2388395776.000000
6621718118400.000000
2369902080.000000
6745883148288.000000
2323840000.000000
6633984884736.000000
2306844160.000000
6674955894784.000000
2181050880.000000
6661872812032.000000
2270200832.000000
6791218331648.000000
2198004736.000000
6582916612096.000000
2023575296.000000
6626712485888.000000
1955313024.000000
6660260626432.000000
1785282560.000000
6629056577536.000000
1821284096.000000
6584005558272.000000
1655341952.000000
6567133446144.000000
1624463616.000000
6823844773888.000000
1544187392.000000
6626289385472.000000
1544353536.000000
6719009193984.000000
1522735872.000000
6708531822592.000000
1495467520.000000
6801381654528.000000
1327682688.000000
6635596021760.000000
1327574016.000000
6607755804672.000000
1264374656.000000
6678510567424.000000
1252676096.000000
6644551909376.000000
1179594752.000000
6541091536896.000000
1201477248.000000
6761085927424.000000
1222394752.000000
6620235956224.000000
1134795264.000000
6789111218176.000000
1034484032.000000
6622886756352.000000
1033981312.000000
6601226321920.000000
912574016.000000
6435035938816.000000
900011776.000000
6534754992128.000000
768348672.000000
6627247783936.000000
724515584.000000
6677832663040.000000
652640320.000000
6518163374080.000000
643015616.000000
6692067606528.000000
548425152.000000
6638242627584.000000
452901344.000000
6654806982656.000000
421858560.000000
6805455372288.000000
436959968.000000
6785688141824.000000
363750560.000000
6664610119680.000000
338278368.000000
6666239082496.000000
345383104.000000
6690702360576.000000
245476192.000000
6509903216640.000000
161341104.000000
6585965871104.000000
98060232.000000
6523635892224.000000
25058284.000000
1627878.000000
